9885	3298	3
-0.13229086995124817	-5.280798435211182	1.1624654531478882	0.952934741973877	0.4918251037597656	1.0	1	0.0	0	0.0	0	0.1347872018814087	-0.8304785490036011	-0.5404977798461914	-0.21986065804958344	-0.5569443702697754	0.8009209036827087	-0.9661747217178345	0.0108803054317832	-0.2576585114002228
-0.1329849362373352	-5.2948198318481445	1.1838363409042358	0.9551569223403931	0.49226710200309753	1.0	1	0.0	0	0.0	0	0.1347872018814087	-0.8304785490036011	-0.5404977798461914	-0.21986065804958344	-0.5569443702697754	0.8009209036827087	-0.9661747217178345	0.0108803054317832	-0.2576585114002228
-0.1489400863647461	-5.322973728179932	1.223116159439087	0.9596447348594666	0.4918251037597656	1.0	1	0.0	0	0.0	0	0.1347872018814087	-0.8304785490036011	-0.5404977798461914	-0.21986064314842224	-0.5569443702697754	0.8009209036827087	-0.966174840927124	0.010880298912525177	-0.2576585114002228
-0.3405044376850128	-3.998108386993408	1.997260570526123	0.9863905310630798	0.7055323719978333	1.0	1	0.0	0	0.0	0	0.9904997944831848	0.09800127893686295	0.09646708518266678	-0.13480830192565918	0.8304802775382996	0.5404897928237915	-0.027145326137542725	-0.5483596324920654	0.8358020186424255
-0.1329849362373352	-5.2948198318481445	1.1838363409042358	0.915955126285553	0.7099345326423645	1.0	1	0.0	0	0.0	0	0.9904997944831848	0.09800127893686295	0.09646708518266678	-0.13480831682682037	0.8304803967475891	0.5404897928237915	-0.02714533358812332	-0.5483595728874207	0.8358020186424255
-0.13229086995124817	-5.280798435211182	1.1624654531478882	0.915955126285553	0.7055323719978333	1.0	1	0.0	0	0.0	0	0.9904997944831848	0.09800127893686295	0.09646708518266678	-0.13480830192565918	0.8304802179336548	0.5404897928237915	-0.027145318686962128	-0.5483596324920654	0.8358019590377808
-0.34476473927497864	-3.98484468460083	1.9758187532424927	0.9863905310630798	0.8420009016990662	1.0	1	0.0	0	0.0	0	0.9767639636993408	0.2030963897705078	-0.0684409886598587	-0.13480830192565918	0.8304803371429443	0.5404897928237915	0.16661040484905243	-0.5187044739723206	0.8385622501373291
-0.3405044376850128	-3.998108386993408	1.997260570526123	0.9863905310630798	0.8464031219482422	1.0	1	0.0	0	0.0	0	0.9767639636993408	0.2030963897705078	-0.0684409886598587	-0.13480830192565918	0.8304803371429443	0.5404897928237915	0.16661040484905243	-0.5187044739723206	0.8385622501373291
-0.13229086995124817	-5.280798435211182	1.1624654531478882	0.915955126285553	0.8464031219482422	1.0	1	0.0	0	0.0	0	0.9767639636993408	0.2030963897705078	-0.0684409886598587	-0.13480831682682037	0.8304803967475891	0.5404897928237915	0.16661040484905243	-0.5187044739723206	0.8385623097419739
-0.13655123114585876	-5.26753568649292	1.1410233974456787	0.9508415460586548	0.4909580647945404	1.0	1	0.0	0	0.0	0	0.13485771417617798	-0.8304793238639832	-0.5404790043830872	-0.21986067295074463	-0.5569444298744202	0.800920844078064	-0.9661649465560913	0.010819725692272186	-0.2576979994773865
-0.13229086995124817	-5.280798435211182	1.1624654531478882	0.952934741973877	0.4918251037597656	1.0	1	0.0	0	0.0	0	0.13485771417617798	-0.8304793238639832	-0.5404790043830872	-0.21986067295074463	-0.5569444298744202	0.800920844078064	-0.9661649465560913	0.010819725692272186	-0.2576979994773865
-0.1489400863647461	-5.322973728179932	1.223116159439087	0.9596447348594666	0.4918251037597656	1.0	1	0.0	0	0.0	0	0.13485771417617798	-0.8304793238639832	-0.5404790043830872	-0.21986065804958344	-0.5569444298744202	0.8009209036827087	-0.9661649465560913	0.010819709859788418	-0.2576979398727417
-0.34476473927497864	-3.98484468460083	1.9758187532424927	0.9863905310630798	0.8420009016990662	1.0	1	0.0	0	0.0	0	0.9767624139785767	0.2031010091304779	-0.06844878196716309	-0.13480818271636963	0.8304803967475891	0.5404896140098572	0.16661936044692993	-0.518702507019043	0.8385617136955261
-0.13229086995124817	-5.280798435211182	1.1624654531478882	0.915955126285553	0.8464031219482422	1.0	1	0.0	0	0.0	0	0.9767624139785767	0.2031010091304779	-0.06844878196716309	-0.13480818271636963	0.8304803967475891	0.5404896140098572	0.16661936044692993	-0.518702507019043	0.8385617136955261
-0.13655123114585876	-5.26753568649292	1.1410233974456787	0.915955126285553	0.8420009016990662	1.0	1	0.0	0	0.0	0	0.9767624139785767	0.2031010091304779	-0.06844878196716309	-0.13480819761753082	0.8304804563522339	0.5404896140098572	0.16661934554576874	-0.5187024474143982	0.8385616540908813
-0.1329849362373352	-5.2948198318481445	1.1838363409042358	0.9551569223403931	0.49226710200309753	1.0	1	0.0	0	0.0	0	0.134713813662529	-0.8304734230041504	-0.5405239462852478	-0.21985673904418945	-0.5569508075714111	0.8009175062179565	-0.9661859273910522	0.010943181812763214	-0.2576141357421875
-0.13860666751861572	-5.309061050415039	1.2043157815933228	0.9574225544929504	0.49226710200309753	1.0	1	0.0	0	0.0	0	0.134713813662529	-0.8304734230041504	-0.5405239462852478	-0.21985669434070587	-0.5569508075714111	0.8009174466133118	-0.9661859273910522	0.010943165980279446	-0.2576141059398651
-0.1489400863647461	-5.322973728179932	1.223116159439087	0.9596447348594666	0.4918251037597656	1.0	1	0.0	0	0.0	0	0.134713813662529	-0.8304734230041504	-0.5405239462852478	-0.21985673904418945	-0.5569508075714111	0.8009175062179565	-0.9661859273910522	0.010943181812763214	-0.2576141357421875
-0.34682002663612366	-4.026370525360107	2.0391111373901367	0.9863905310630798	0.7143367528915405	1.0	1	0.0	0	0.0	0	0.904712975025177	-0.11930897831916809	0.408974289894104	-0.13480812311172485	0.8304803967475891	0.5404897928237915	-0.40413036942481995	-0.5441211462020874	0.7352625131607056
-0.1489400863647461	-5.322973728179932	1.223116159439087	0.915955126285553	0.7187389731407166	1.0	1	0.0	0	0.0	0	0.904712975025177	-0.11930897831916809	0.408974289894104	-0.13480810821056366	0.8304803371429443	0.5404897928237915	-0.40413039922714233	-0.5441211462020874	0.7352624535560608
-0.13860666751861572	-5.309061050415039	1.2043157815933228	0.915955126285553	0.7143367528915405	1.0	1	0.0	0	0.0	0	0.904712975025177	-0.11930897831916809	0.408974289894104	-0.13480812311172485	0.8304803371429443	0.5404897928237915	-0.40413033962249756	-0.5441211462020874	0.735262393951416
-0.34682002663612366	-4.026370525360107	2.0391111373901367	0.9863905310630798	0.7143367528915405	1.0	1	0.0	0	0.0	0	0.9047088027000427	-0.11931431293487549	0.4089817404747009	-0.13480815291404724	0.8304805755615234	0.5404894948005676	-0.40413951873779297	-0.544119656085968	0.7352584600448608
-0.3571535050868988	-4.040282726287842	2.0579111576080322	0.9863905310630798	0.7187389731407166	1.0	1	0.0	0	0.0	0	0.9047088027000427	-0.11931431293487549	0.4089817404747009	-0.13480815291404724	0.8304805159568787	0.5404894948005676	-0.40413951873779297	-0.544119656085968	0.7352584600448608
-0.1489400863647461	-5.322973728179932	1.223116159439087	0.915955126285553	0.7187389731407166	1.0	1	0.0	0	0.0	0	0.9047088027000427	-0.11931431293487549	0.4089817404747009	-0.13480815291404724	0.8304805755615234	0.5404894948005676	-0.40413951873779297	-0.544119656085968	0.7352584600448608
-0.3571535050868988	-4.040282726287842	2.0579111576080322	0.9863905310630798	0.7187389731407166	1.0	1	0.0	0	0.0	0	0.8084985017776489	-0.22315886616706848	0.5445458292961121	-0.13480813801288605	0.8304805755615234	0.5404894948005676	-0.5728497505187988	-0.5103941559791565	0.6413586735725403
-0.16358789801597595	-5.336024761199951	1.2395156621932983	0.915955126285553	0.7231411933898926	1.0	1	0.0	0	0.0	0	0.8084985017776489	-0.22315886616706848	0.5445458292961121	-0.13480813801288605	0.8304805755615234	0.5404894948005676	-0.5728497505187988	-0.5103941559791565	0.6413586735725403
-0.1489400863647461	-5.322973728179932	1.223116159439087	0.915955126285553	0.7187389731407166	1.0	1	0.0	0	0.0	0	0.8084985017776489	-0.22315886616706848	0.5445458292961121	-0.13480815291404724	0.8304805755615234	0.5404894948005676	-0.5728497505187988	-0.5103941559791565	0.6413586735725403
-0.1489400863647461	-5.322973728179932	1.223116159439087	0.9596447348594666	0.4918251037597656	1.0	1	0.0	0	0.0	0	0.1347835808992386	-0.8304678201675415	-0.540515124797821	-0.21984097361564636	-0.55696040391922	0.8009151220321655	-0.9661797881126404	0.010877162218093872	-0.25763997435569763
-0.16358789801597595	-5.336024761199951	1.2395156621932983	0.9617379307746887	0.4909580647945404	1.0	1	0.0	0	0.0	0	0.1347835808992386	-0.8304678201675415	-0.540515124797821	-0.21984097361564636	-0.55696040391922	0.8009151220321655	-0.9661797881126404	0.010877162218093872	-0.25763997435569763
-0.2270958572626114	-5.365264892578125	1.2686048746109009	0.9664825797080994	0.48621341586112976	1.0	1	0.0	0	0.0	0	0.1347835808992386	-0.8304678201675415	-0.540515124797821	-0.21984103322029114	-0.5569604635238647	0.8009151816368103	-0.9661797285079956	0.010877184569835663	-0.25764000415802
-0.13655123114585876	-5.26753568649292	1.1410233974456787	0.9508415460586548	0.4909580647945404	1.0	1	0.0	0	0.0	0	0.13480828702449799	-0.8304815292358398	-0.5404879450798035	-0.21985961496829987	-0.5569403171539307	0.8009240031242371	-0.9661720991134644	0.010860279202461243	-0.25766950845718384
-0.1489400863647461	-5.322973728179932	1.223116159439087	0.9596447348594666	0.4918251037597656	1.0	1	0.0	0	0.0	0	0.13480828702449799	-0.8304815292358398	-0.5404879450798035	-0.21985962986946106	-0.5569403767585754	0.8009240031242371	-0.9661720395088196	0.010860285721719265	-0.25766950845718384
-0.3858714699745178	-5.333526134490967	1.1802350282669067	0.9617379307746887	0.4705723822116852	1.0	1	0.0	0	0.0	0	0.13480828702449799	-0.8304815292358398	-0.5404879450798035	-0.21985962986946106	-0.5569403171539307	0.8009240031242371	-0.9661720991134644	0.01086028665304184	-0.2576695382595062
-0.1489400863647461	-5.322973728179932	1.223116159439087	0.9596447348594666	0.4918251037597656	1.0	1	0.0	0	0.0	0	0.13480807840824127	-0.8304824829101562	-0.5404866337776184	-0.2198593020439148	-0.5569390058517456	0.8009250164031982	-0.9661721587181091	0.010859847068786621	-0.2576691508293152
-0.2270958572626114	-5.365264892578125	1.2686048746109009	0.9664825797080994	0.48621341586112976	1.0	1	0.0	0	0.0	0	0.13480807840824127	-0.8304824829101562	-0.5404866337776184	-0.2198593020439148	-0.5569390058517456	0.8009250164031982	-0.9661721587181091	0.010859847068786621	-0.2576691508293152
-0.3858714699745178	-5.333526134490967	1.1802350282669067	0.9617379307746887	0.4705723822116852	1.0	1	0.0	0	0.0	0	0.13480807840824127	-0.8304824829101562	-0.5404866337776184	-0.2198592722415924	-0.5569390058517456	0.8009249567985535	-0.9661722183227539	0.010859848000109196	-0.2576691508293152
-0.3633269667625427	-5.35578727722168	1.2200629711151123	0.9652238488197327	0.4734331965446472	1.0	1	0.0	0	0.0	0	0.13477398455142975	-0.8304932713508606	-0.5404784083366394	-0.2199372500181198	-0.5569214224815369	0.8009157776832581	-0.9661591649055481	0.010928720235824585	-0.2577149271965027
-0.3768206536769867	-5.345520973205566	1.2009230852127075	0.9636217951774597	0.47183114290237427	1.0	1	0.0	0	0.0	0	0.13477398455142975	-0.8304932713508606	-0.5404784083366394	-0.219937264919281	-0.5569214224815369	0.8009157180786133	-0.9661592245101929	0.010928742587566376	-0.2577149569988251
-0.3858714699745178	-5.333526134490967	1.1802350282669067	0.9617379307746887	0.4705723822116852	1.0	1	0.0	0	0.0	0	0.13477398455142975	-0.8304932713508606	-0.5404784083366394	-0.2199372500181198	-0.5569214224815369	0.8009157180786133	-0.9661592245101929	0.010928735136985779	-0.2577149569988251
-0.5850342512130737	-4.062830448150635	2.0357179641723633	0.9863905310630798	0.7671632766723633	1.0	1	0.0	0	0.0	0	-0.9254891872406006	-0.30039119720458984	0.23072676360607147	-0.1348082721233368	0.8304805159568787	0.5404896140098572	-0.3539723753929138	0.46911343932151794	-0.8090959191322327
-0.3858714699745178	-5.333526134490967	1.1802350282669067	0.915955126285553	0.7715654969215393	1.0	1	0.0	0	0.0	0	-0.9254891872406006	-0.30039119720458984	0.23072676360607147	-0.1348082721233368	0.8304805159568787	0.5404896140098572	-0.3539723753929138	0.46911343932151794	-0.8090959191322327
-0.3768206536769867	-5.345520973205566	1.2009230852127075	0.915955126285553	0.7671632766723633	1.0	1	0.0	0	0.0	0	-0.9254891872406006	-0.30039119720458984	0.23072676360607147	-0.13480828702449799	0.8304804563522339	0.5404895544052124	-0.3539723753929138	0.46911337971687317	-0.8090958595275879
-0.5850342512130737	-4.062830448150635	2.0357179641723633	0.9863905310630798	0.7671632766723633	1.0	1	0.0	0	0.0	0	-0.9254888892173767	-0.3003917634487152	0.2307276725769043	-0.13480828702449799	0.8304803967475891	0.5404896140098572	-0.3539734184741974	0.46911314129829407	-0.8090956807136536
-0.5940850377082825	-4.050835609436035	2.0150301456451416	0.9863905310630798	0.7715654969215393	1.0	1	0.0	0	0.0	0	-0.9254888892173767	-0.3003917634487152	0.2307276725769043	-0.13480828702449799	0.8304803967475891	0.5404896140098572	-0.3539734184741974	0.46911314129829407	-0.8090956807136536
-0.3858714699745178	-5.333526134490967	1.1802350282669067	0.915955126285553	0.7715654969215393	1.0	1	0.0	0	0.0	0	-0.9254888892173767	-0.3003917634487152	0.2307276725769043	-0.13480828702449799	0.8304803967475891	0.5404896140098572	-0.3539734184741974	0.46911314129829407	-0.8090956807136536
-0.5940850377082825	-4.050835609436035	2.0150301456451416	0.9863905310630798	0.7715654969215393	1.0	1	0.0	0	0.0	0	-0.9767627120018005	-0.20310024917125702	0.06844732910394669	-0.1348082721233368	0.8304803967475891	0.540489673614502	-0.1666177362203598	0.5187028646469116	-0.8385618925094604
-0.3901318609714508	-5.320262908935547	1.158793330192566	0.915955126285553	0.7759677171707153	1.0	1	0.0	0	0.0	0	-0.9767627120018005	-0.20310024917125702	0.06844732910394669	-0.1348082721233368	0.8304803371429443	0.540489673614502	-0.1666177362203598	0.5187028646469116	-0.8385618329048157
-0.3858714699745178	-5.333526134490967	1.1802350282669067	0.915955126285553	0.7715654969215393	1.0	1	0.0	0	0.0	0	-0.9767627120018005	-0.20310024917125702	0.06844732910394669	-0.1348082721233368	0.8304803967475891	0.5404896140098572	-0.1666177362203598	0.5187028050422668	-0.8385618925094604
-0.3858714699745178	-5.333526134490967	1.1802350282669067	0.9617379307746887	0.4705723822116852	1.0	1	0.0	0	0.0	0	0.13481542468070984	-0.8304753303527832	-0.5404958128929138	-0.21983516216278076	-0.556950032711029	0.8009240627288818	-0.9661766886711121	0.010843061842024326	-0.2576530873775482
-0.3901318609714508	-5.320262908935547	1.158793330192566	0.9596447348594666	0.46970534324645996	1.0	1	0.0	0	0.0	0	0.13481542468070984	-0.8304753303527832	-0.5404958128929138	-0.21983514726161957	-0.556950032711029	0.8009240627288818	-0.9661766886711121	0.01084305439144373	-0.2576530873775482
-0.38943788409233093	-5.306241035461426	1.137421727180481	0.9574226140975952	0.46926334500312805	1.0	1	0.0	0	0.0	0	0.13481542468070984	-0.8304753303527832	-0.5404958128929138	-0.21983516216278076	-0.556950032711029	0.8009240627288818	-0.9661766886711121	0.010843061842024326	-0.2576530873775482
-0.2773982286453247	-5.372964859008789	1.2678887844085693	0.9677916169166565	0.48189806938171387	1.0	1	0.0	0	0.0	0	0.13479845225811005	-0.8304864168167114	-0.5404828190803528	-0.21986207365989685	-0.5569328665733337	0.80092853307724	-0.9661728739738464	0.01086774468421936	-0.2576661705970764
-0.32523608207702637	-5.369636058807373	1.2508429288864136	0.967349648475647	0.4774102568626404	1.0	1	0.0	0	0.0	0	0.13479845225811005	-0.8304864168167114	-0.5404828190803528	-0.21986208856105804	-0.5569328665733337	0.8009285926818848	-0.9661729335784912	0.010867745615541935	-0.2576661705970764
-0.3858714699745178	-5.333526134490967	1.1802350282669067	0.9617379307746887	0.4705723822116852	1.0	1	0.0	0	0.0	0	0.13479845225811005	-0.8304864168167114	-0.5404828190803528	-0.21986208856105804	-0.5569328665733337	0.8009285926818848	-0.9661729335784912	0.010867745615541935	-0.2576661705970764
-0.32523608207702637	-5.369636058807373	1.2508429288864136	0.967349648475647	0.4774102568626404	1.0	1	0.0	0	0.0	0	0.1348046064376831	-0.830483078956604	-0.5404863953590393	-0.21989069879055023	-0.556937575340271	0.800917387008667	-0.9661655426025391	0.010880574584007263	-0.25769326090812683
-0.3459089994430542	-5.363929748535156	1.2369188070297241	0.9664825797080994	0.4753170609474182	1.0	1	0.0	0	0.0	0	0.1348046064376831	-0.830483078956604	-0.5404863953590393	-0.21989069879055023	-0.556937575340271	0.8009173274040222	-0.9661655426025391	0.01088058203458786	-0.25769326090812683
-0.3858714699745178	-5.333526134490967	1.1802350282669067	0.9617379307746887	0.4705723822116852	1.0	1	0.0	0	0.0	0	0.1348046064376831	-0.830483078956604	-0.5404863953590393	-0.21989069879055023	-0.556937575340271	0.800917387008667	-0.9661655426025391	0.010880574584007263	-0.25769326090812683
-0.3459089994430542	-5.363929748535156	1.2369188070297241	0.9664825797080994	0.4753170609474182	1.0	1	0.0	0	0.0	0	0.13482870161533356	-0.8304719924926758	-0.5404974222183228	-0.21984341740608215	-0.5569549202919006	0.8009182810783386	-0.9661729335784912	0.010838031768798828	-0.25766730308532715
-0.3633269667625427	-5.35578727722168	1.2200629711151123	0.9652238488197327	0.4734331965446472	1.0	1	0.0	0	0.0	0	0.13482870161533356	-0.8304719924926758	-0.5404974222183228	-0.21984340250492096	-0.5569549202919006	0.8009182214736938	-0.9661728739738464	0.010838030837476254	-0.25766730308532715
-0.3858714699745178	-5.333526134490967	1.1802350282669067	0.9617379307746887	0.4705723822116852	1.0	1	0.0	0	0.0	0	0.13482870161533356	-0.8304719924926758	-0.5404974222183228	-0.21984341740608215	-0.5569549202919006	0.8009182810783386	-0.9661729335784912	0.010838031768798828	-0.25766730308532715
-0.3858714699745178	-5.333526134490967	1.1802350282669067	0.9617379307746887	0.4705723822116852	1.0	1	0.0	0	0.0	0	0.13478879630565643	-0.8304793238639832	-0.5404961705207825	-0.21985961496829987	-0.5569432377815247	0.8009219765663147	-0.966174840927124	0.010877974331378937	-0.25765857100486755
-0.38943788409233093	-5.306241035461426	1.137421727180481	0.9574226140975952	0.46926334500312805	1.0	1	0.0	0	0.0	0	0.13478879630565643	-0.8304793238639832	-0.5404961705207825	-0.21985961496829987	-0.5569432377815247	0.8009219765663147	-0.966174840927124	0.010877974331378937	-0.25765857100486755
-0.37348273396492004	-5.278087139129639	1.0981417894363403	0.9529348015785217	0.46970534324645996	1.0	1	0.0	0	0.0	0	0.13478879630565643	-0.8304793238639832	-0.5404961705207825	-0.21985962986946106	-0.5569432973861694	0.8009219765663147	-0.966174840927124	0.010877981781959534	-0.25765860080718994
-0.2270958572626114	-5.365264892578125	1.2686048746109009	0.9664825797080994	0.48621341586112976	1.0	1	0.0	0	0.0	0	0.13481774926185608	-0.830471932888031	-0.5405002236366272	-0.21985989809036255	-0.5569546818733215	0.8009140491485596	-0.9661707282066345	0.010856897570192814	-0.25767484307289124
-0.2773982286453247	-5.372964859008789	1.2678887844085693	0.9677916169166565	0.48189806938171387	1.0	1	0.0	0	0.0	0	0.13481774926185608	-0.830471932888031	-0.5405002236366272	-0.21985989809036255	-0.5569546818733215	0.8009140491485596	-0.9661707282066345	0.010856897570192814	-0.25767484307289124
-0.3858714699745178	-5.333526134490967	1.1802350282669067	0.9617379307746887	0.4705723822116852	1.0	1	0.0	0	0.0	0	0.13481774926185608	-0.830471932888031	-0.5405002236366272	-0.21985989809036255	-0.5569546222686768	0.8009139895439148	-0.9661706686019897	0.010856904089450836	-0.25767484307289124
-0.3858714699745178	-5.333526134490967	1.1802350282669067	0.9617379307746887	0.4705723822116852	1.0	1	0.0	0	0.0	0	0.13480672240257263	-0.8304785490036011	-0.540492832660675	-0.2198566049337387	-0.5569446682929993	0.8009217977523804	-0.966172993183136	0.01086127758026123	-0.25766608119010925
-0.37348273396492004	-5.278087139129639	1.0981417894363403	0.9529348015785217	0.46970534324645996	1.0	1	0.0	0	0.0	0	0.13480672240257263	-0.8304785490036011	-0.540492832660675	-0.2198566198348999	-0.5569446682929993	0.8009217977523804	-0.966172993183136	0.010861285030841827	-0.25766611099243164
-0.13655123114585876	-5.26753568649292	1.1410233974456787	0.9508415460586548	0.4909580647945404	1.0	1	0.0	0	0.0	0	0.13480672240257263	-0.8304785490036011	-0.540492832660675	-0.2198566198348999	-0.5569446682929993	0.8009217977523804	-0.966172993183136	0.010861285030841827	-0.25766611099243164
-0.38943788409233093	-5.306241035461426	1.137421727180481	0.9574226140975952	0.46926334500312805	1.0	1	0.0	0	0.0	0	0.13487108051776886	-0.8304849863052368	-0.5404667854309082	-0.21985596418380737	-0.5569361448287964	0.8009278774261475	-0.9661641120910645	0.010802841745316982	-0.25770166516304016
-0.3838162124156952	-5.2920002937316895	1.1169421672821045	0.9551569223403931	0.46926334500312805	1.0	1	0.0	0	0.0	0	0.13487108051776886	-0.8304849863052368	-0.5404667854309082	-0.21985597908496857	-0.5569361448287964	0.8009278774261475	-0.9661641120910645	0.01080284919589758	-0.25770166516304016
-0.37348273396492004	-5.278087139129639	1.0981417894363403	0.9529348015785217	0.46970534324645996	1.0	1	0.0	0	0.0	0	0.13487108051776886	-0.8304849863052368	-0.5404667854309082	-0.21985597908496857	-0.5569361448287964	0.8009278774261475	-0.9661641120910645	0.01080284919589758	-0.25770166516304016
-0.5920296311378479	-4.009309768676758	1.9517372846603394	0.9863905310630798	0.7847721576690674	1.0	1	0.0	0	0.0	0	-0.904712975025177	0.11930883675813675	-0.40897423028945923	-0.13480818271636963	0.8304803967475891	0.540489673614502	0.404130220413208	0.5441210269927979	-0.7352625727653503
-0.37348273396492004	-5.278087139129639	1.0981417894363403	0.915955126285553	0.7891743779182434	1.0	1	0.0	0	0.0	0	-0.904712975025177	0.11930883675813675	-0.40897423028945923	-0.13480818271636963	0.8304803967475891	0.540489673614502	0.404130220413208	0.5441210269927979	-0.7352625727653503
-0.3838162124156952	-5.2920002937316895	1.1169421672821045	0.915955126285553	0.7847721576690674	1.0	1	0.0	0	0.0	0	-0.904712975025177	0.11930883675813675	-0.40897423028945923	-0.13480819761753082	0.8304804563522339	0.5404897332191467	0.4041302502155304	0.5441210865974426	-0.7352625131607056
-0.5920296311378479	-4.009309768676758	1.9517372846603394	0.9863905310630798	0.7847721576690674	1.0	1	0.0	0	0.0	0	-0.9047117829322815	0.1193103939294815	-0.40897631645202637	-0.1348082423210144	0.8304802775382996	0.5404898524284363	0.40413281321525574	0.5441209077835083	-0.7352612614631653
-0.5816962122917175	-3.995396852493286	1.9329371452331543	0.9863905310630798	0.7891743779182434	1.0	1	0.0	0	0.0	0	-0.9047117829322815	0.1193103939294815	-0.40897631645202637	-0.13480821251869202	0.8304802179336548	0.5404897928237915	0.40413278341293335	0.5441208481788635	-0.7352612614631653
-0.37348273396492004	-5.278087139129639	1.0981417894363403	0.915955126285553	0.7891743779182434	1.0	1	0.0	0	0.0	0	-0.9047117829322815	0.1193103939294815	-0.40897631645202637	-0.1348082572221756	0.8304802775382996	0.5404898524284363	0.40413281321525574	0.5441209077835083	-0.7352612614631653
-0.5816962122917175	-3.995396852493286	1.9329371452331543	0.9863905310630798	0.7891743779182434	1.0	1	0.0	0	0.0	0	-0.8084892630577087	0.22316735982894897	-0.544556200504303	-0.1348082423210144	0.8304802775382996	0.5404898524284363	0.5728628635406494	0.5103909373283386	-0.6413496136665344
-0.3588350713253021	-5.2650370597839355	1.0817428827285767	0.915955126285553	0.7935765981674194	1.0	1	0.0	0	0.0	0	-0.8084892630577087	0.22316735982894897	-0.544556200504303	-0.1348082572221756	0.8304803371429443	0.540489912033081	0.5728628635406494	0.5103909373283386	-0.6413495540618896
-0.37348273396492004	-5.278087139129639	1.0981417894363403	0.915955126285553	0.7891743779182434	1.0	1	0.0	0	0.0	0	-0.8084892630577087	0.22316735982894897	-0.544556200504303	-0.1348082274198532	0.8304802775382996	0.5404898524284363	0.5728628635406494	0.5103908777236938	-0.6413496136665344
-0.37348273396492004	-5.278087139129639	1.0981417894363403	0.9529348015785217	0.46970534324645996	1.0	1	0.0	0	0.0	0	0.13486701250076294	-0.8305026292800903	-0.5404407978057861	-0.21983279287815094	-0.5569103360176086	0.8009523153305054	-0.9661699533462524	0.010784566402435303	-0.2576805353164673
-0.3588350713253021	-5.2650370597839355	1.0817428827285767	0.9508416056632996	0.4705723822116852	1.0	1	0.0	0	0.0	0	0.13486701250076294	-0.8305026292800903	-0.5404407978057861	-0.21983271837234497	-0.5569102764129639	0.8009521961212158	-0.9661699533462524	0.01078453566879034	-0.2576804757118225
-0.3404355049133301	-5.253350257873535	1.0683752298355103	0.9489577412605286	0.4718311131000519	1.0	1	0.0	0	0.0	0	0.13486701250076294	-0.8305026292800903	-0.5404407978057861	-0.21983274817466736	-0.5569102764129639	0.8009522557258606	-0.966170072555542	0.010784552432596684	-0.2576805353164673
-0.3404355049133301	-5.253350257873535	1.0683752298355103	0.9489577412605286	0.4718311131000519	1.0	1	0.0	0	0.0	0	0.13481628894805908	-0.8304842710494995	-0.5404818654060364	-0.21985988318920135	-0.556936502456665	0.8009265661239624	-0.9661709070205688	0.010852329432964325	-0.2576742470264435
-0.31899142265319824	-5.243476867675781	1.0585530996322632	0.9473556876182556	0.4734331965446472	1.0	1	0.0	0	0.0	0	0.13481628894805908	-0.8304842710494995	-0.5404818654060364	-0.21985991299152374	-0.556936502456665	0.8009266257286072	-0.9661709070205688	0.010852344334125519	-0.25767427682876587
-0.37348273396492004	-5.278087139129639	1.0981417894363403	0.9529348015785217	0.46970534324645996	1.0	1	0.0	0	0.0	0	0.13481628894805908	-0.8304842710494995	-0.5404818654060364	-0.21985986828804016	-0.556936502456665	0.8009265661239624	-0.9661709070205688	0.010852321982383728	-0.2576742470264435
-0.31899142265319824	-5.243476867675781	1.0585530996322632	0.9473556876182556	0.4734331965446472	1.0	1	0.0	0	0.0	0	0.1348237842321396	-0.8304877281188965	-0.540474534034729	-0.2198622226715088	-0.5569313764572144	0.800929605960846	-0.9661693572998047	0.01084557268768549	-0.2576804757118225
-0.29532694816589355	-5.235795497894287	1.052653193473816	0.9460969567298889	0.4753170311450958	1.0	1	0.0	0	0.0	0	0.1348237842321396	-0.8304877281188965	-0.540474534034729	-0.2198622077703476	-0.5569313764572144	0.8009295463562012	-0.9661693572998047	0.010845571756362915	-0.2576804757118225
-0.37348273396492004	-5.278087139129639	1.0981417894363403	0.9529348015785217	0.46970534324645996	1.0	1	0.0	0	0.0	0	0.1348237842321396	-0.8304877281188965	-0.540474534034729	-0.2198622226715088	-0.5569313764572144	0.8009295463562012	-0.9661693572998047	0.010845586657524109	-0.2576804757118225
-0.37348273396492004	-5.278087139129639	1.0981417894363403	0.9529348015785217	0.46970534324645996	1.0	1	0.0	0	0.0	0	0.13480693101882935	-0.8304777145385742	-0.5404942631721497	-0.21985773742198944	-0.5569460988044739	0.8009205460548401	-0.9661726951599121	0.010862208902835846	-0.2576671242713928
-0.29532694816589355	-5.235795497894287	1.052653193473816	0.9460969567298889	0.4753170311450958	1.0	1	0.0	0	0.0	0	0.13480693101882935	-0.8304777145385742	-0.5404942631721497	-0.21985773742198944	-0.5569460988044739	0.8009205460548401	-0.9661726951599121	0.010862208902835846	-0.2576671242713928
-0.13655123114585876	-5.26753568649292	1.1410233974456787	0.9508415460586548	0.4909580647945404	1.0	1	0.0	0	0.0	0	0.13480693101882935	-0.8304777145385742	-0.5404942631721497	-0.21985775232315063	-0.5569460988044739	0.8009206056594849	-0.9661727547645569	0.01086220983415842	-0.2576671242713928
-0.5272048711776733	-3.9607865810394287	1.8933480978012085	0.9863905310630798	0.8023810386657715	1.0	1	0.0	0	0.0	0	-0.35398879647254944	0.4691081941127777	-0.8090917468070984	-0.13480821251869202	0.8304804563522339	0.5404897332191467	0.9254829287528992	0.3003994822502136	-0.23074111342430115
-0.29532694816589355	-5.235795497894287	1.052653193473816	0.915955126285553	0.8067831993103027	1.0	1	0.0	0	0.0	0	-0.35398879647254944	0.4691081941127777	-0.8090917468070984	-0.1348082274198532	0.8304804563522339	0.5404897332191467	0.9254829287528992	0.300399512052536	-0.23074111342430115
-0.31899142265319824	-5.243476867675781	1.0585530996322632	0.915955126285553	0.8023810386657715	1.0	1	0.0	0	0.0	0	-0.35398879647254944	0.4691081941127777	-0.8090917468070984	-0.13480819761753082	0.8304803967475891	0.5404897332191467	0.925482988357544	0.300399512052536	-0.23074111342430115
-0.5272048711776733	-3.9607865810394287	1.8933480978012085	0.9863905310630798	0.8023810386657715	1.0	1	0.0	0	0.0	0	-0.3539847731590271	0.46910956501960754	-0.8090927004814148	-0.1348082572221756	0.8304803967475891	0.5404897928237915	0.9254845380783081	0.3003975450992584	-0.230737566947937
-0.5035403966903687	-3.9531054496765137	1.8874481916427612	0.9863905310630798	0.8067831993103027	1.0	1	0.0	0	0.0	0	-0.3539847731590271	0.46910956501960754	-0.8090927004814148	-0.1348082721233368	0.8304803967475891	0.5404897928237915	0.9254845380783081	0.3003975450992584	-0.230737566947937
-0.29532694816589355	-5.235795497894287	1.052653193473816	0.915955126285553	0.8067831993103027	1.0	1	0.0	0	0.0	0	-0.3539847731590271	0.46910956501960754	-0.8090927004814148	-0.1348082721233368	0.8304803371429443	0.5404897928237915	0.9254845380783081	0.3003975450992584	-0.23073753714561462
-0.5035403966903687	-3.9531054496765137	1.8874481916427612	0.9863905310630798	0.8067831993103027	1.0	1	0.0	0	0.0	0	-0.1666027158498764	0.5187060236930847	-0.8385627865791321	-0.1348082423210144	0.8304804563522339	0.5404897332191467	0.9767652750015259	0.20309224724769592	-0.0684344470500946
-0.2703514099121094	-5.230602741241455	1.0509032011032104	0.915955126285553	0.8111854195594788	1.0	1	0.0	0	0.0	0	-0.1666027158498764	0.5187060236930847	-0.8385627865791321	-0.1348082423210144	0.8304804563522339	0.5404897332191467	0.9767652750015259	0.20309224724769592	-0.0684344470500946
-0.29532694816589355	-5.235795497894287	1.052653193473816	0.915955126285553	0.8067831993103027	1.0	1	0.0	0	0.0	0	-0.1666027158498764	0.5187060236930847	-0.8385627865791321	-0.1348082274198532	0.8304803371429443	0.5404897928237915	0.9767652750015259	0.20309226214885712	-0.0684344470500946
-0.29532694816589355	-5.235795497894287	1.052653193473816	0.9460969567298889	0.4753170311450958	1.0	1	0.0	0	0.0	0	0.13481475412845612	-0.8305360078811646	-0.5404025316238403	-0.2199605256319046	-0.5568585395812988	0.8009532690048218	-0.9661482572555542	0.010886908508837223	-0.25775787234306335
-0.2703514099121094	-5.230602741241455	1.0509032011032104	0.9452298879623413	0.477410227060318	1.0	1	0.0	0	0.0	0	0.13481475412845612	-0.8305360078811646	-0.5404025316238403	-0.2199605107307434	-0.5568585395812988	0.8009531497955322	-0.9661481976509094	0.010886915028095245	-0.25775787234306335
-0.24502475559711456	-5.2280964851379395	1.0533696413040161	0.944787859916687	0.4796323776245117	1.0	1	0.0	0	0.0	0	0.13481475412845612	-0.8305360078811646	-0.5404025316238403	-0.2199605256319046	-0.5568585395812988	0.8009532690048218	-0.9661482572555542	0.010886908508837223	-0.25775787234306335
-0.24502475559711456	-5.2280964851379395	1.0533696413040161	0.944787859916687	0.4796323776245117	1.0	1	0.0	0	0.0	0	0.13480673730373383	-0.8304746150970459	-0.5404988527297974	-0.21981090307235718	-0.5569510459899902	0.8009299635887146	-0.9661834239959717	0.010836787521839142	-0.2576281428337097
-0.22031991183757782	-5.228374481201172	1.0599584579467773	0.944787859916687	0.4818980395793915	1.0	1	0.0	0	0.0	0	0.13480673730373383	-0.8304746150970459	-0.5404988527297974	-0.2198108732700348	-0.5569510459899902	0.8009299039840698	-0.9661833643913269	0.010836780071258545	-0.25762808322906494
-0.29532694816589355	-5.235795497894287	1.052653193473816	0.9460969567298889	0.4753170311450958	1.0	1	0.0	0	0.0	0	0.13480673730373383	-0.8304746150970459	-0.5404988527297974	-0.21981088817119598	-0.5569510459899902	0.8009299039840698	-0.9661833643913269	0.010836787521839142	-0.25762811303138733
-0.22031991183757782	-5.228374481201172	1.0599584579467773	0.944787859916687	0.4818980395793915	1.0	1	0.0	0	0.0	0	0.13480815291404724	-0.8304458856582642	-0.5405426621437073	-0.21987712383270264	-0.5569928884506226	0.8008826375007629	-0.9661681652069092	0.010887459851801395	-0.25768327713012695
-0.1971866488456726	-5.231425762176514	1.0704154968261719	0.9452298879623413	0.4841201901435852	1.0	1	0.0	0	0.0	0	0.13480815291404724	-0.8304458856582642	-0.5405426621437073	-0.21987713873386383	-0.5569928884506226	0.8008826971054077	-0.9661681652069092	0.010887459851801395	-0.25768324732780457
-0.29532694816589355	-5.235795497894287	1.052653193473816	0.9460969567298889	0.4753170311450958	1.0	1	0.0	0	0.0	0	0.13480815291404724	-0.8304458856582642	-0.5405426621437073	-0.21987710893154144	-0.5569929480552673	0.8008826971054077	-0.9661681652069092	0.010887444950640202	-0.2576832175254822
-0.29532694816589355	-5.235795497894287	1.052653193473816	0.9460969567298889	0.4753170311450958	1.0	1	0.0	0	0.0	0	0.13479919731616974	-0.8304860591888428	-0.5404833555221558	-0.21986420452594757	-0.5569335222244263	0.800927460193634	-0.9661723375320435	0.010868565179407597	-0.2576683461666107
-0.1971866488456726	-5.231425762176514	1.0704154968261719	0.9452298879623413	0.4841201901435852	1.0	1	0.0	0	0.0	0	0.13479919731616974	-0.8304860591888428	-0.5404833555221558	-0.21986421942710876	-0.5569335222244263	0.8009275197982788	-0.9661722779273987	0.010868565179407597	-0.25766831636428833
-0.13655123114585876	-5.26753568649292	1.1410233974456787	0.9508415460586548	0.4909580647945404	1.0	1	0.0	0	0.0	0	0.13479919731616974	-0.8304860591888428	-0.5404833555221558	-0.21986421942710876	-0.5569335222244263	0.8009275197982788	-0.9661723375320435	0.010868564248085022	-0.25766831636428833
-0.4285333752632141	-3.9456841945648193	1.8947535753250122	0.9863905310630798	0.8199898600578308	1.0	1	0.0	0	0.0	0	0.40413323044776917	0.5441207885742188	-0.7352612018585205	-0.1348082274198532	0.8304803371429443	0.5404897332191467	0.9047116041183472	-0.11931058019399643	0.40897661447525024
-0.1971866488456726	-5.231425762176514	1.0704154968261719	0.915955126285553	0.8243920803070068	1.0	1	0.0	0	0.0	0	0.40413323044776917	0.5441207885742188	-0.7352612018585205	-0.13480821251869202	0.8304803371429443	0.5404897332191467	0.9047116041183472	-0.11931059509515762	0.40897661447525024
-0.22031991183757782	-5.228374481201172	1.0599584579467773	0.915955126285553	0.8199898600578308	1.0	1	0.0	0	0.0	0	0.40413323044776917	0.5441207885742188	-0.7352612018585205	-0.13480821251869202	0.8304803371429443	0.5404897332191467	0.9047116041183472	-0.11931059509515762	0.40897661447525024
-0.4285333752632141	-3.9456841945648193	1.8947535753250122	0.9863905310630798	0.8199898600578308	1.0	1	0.0	0	0.0	0	0.4041304290294647	0.5441210865974426	-0.735262393951416	-0.13480816781520844	0.8304803371429443	0.5404897332191467	0.9047129154205322	-0.11930898576974869	0.40897440910339355
-0.4054001271724701	-3.948734998703003	1.9052108526229858	0.9863905310630798	0.8243920803070068	1.0	1	0.0	0	0.0	0	0.4041304290294647	0.5441210865974426	-0.735262393951416	-0.13480815291404724	0.8304803371429443	0.5404897332191467	0.9047129154205322	-0.11930899322032928	0.40897437930107117
-0.1971866488456726	-5.231425762176514	1.0704154968261719	0.915955126285553	0.8243920803070068	1.0	1	0.0	0	0.0	0	0.4041304290294647	0.5441210865974426	-0.735262393951416	-0.13480819761753082	0.8304803371429443	0.5404897928237915	0.9047128558158875	-0.11930897831916809	0.4089743494987488
-0.4054001271724701	-3.948734998703003	1.9052108526229858	0.9863905310630798	0.8243920803070068	1.0	1	0.0	0	0.0	0	0.5728617906570435	0.5103909969329834	-0.6413503885269165	-0.13480816781520844	0.8304804563522339	0.5404897332191467	0.8084900379180908	-0.22316664457321167	0.5445553660392761
-0.17651379108428955	-5.2371320724487305	1.0843396186828613	0.915955126285553	0.8287943005561829	1.0	1	0.0	0	0.0	0	0.5728617906570435	0.5103909969329834	-0.6413503885269165	-0.13480816781520844	0.8304804563522339	0.5404897332191467	0.8084900379180908	-0.22316664457321167	0.5445553660392761
-0.1971866488456726	-5.231425762176514	1.0704154968261719	0.915955126285553	0.8243920803070068	1.0	1	0.0	0	0.0	0	0.5728617906570435	0.5103909969329834	-0.6413503885269165	-0.13480813801288605	0.8304803371429443	0.5404897332191467	0.8084900379180908	-0.22316670417785645	0.5445553660392761
-0.1971866488456726	-5.231425762176514	1.0704154968261719	0.9452298879623413	0.4841201901435852	1.0	1	0.0	0	0.0	0	0.13480553030967712	-0.830482542514801	-0.5404869914054871	-0.2198839783668518	-0.5569384694099426	0.8009185791015625	-0.9661668539047241	0.010876177810132504	-0.2576881945133209
-0.17651379108428955	-5.2371320724487305	1.0843396186828613	0.9460968971252441	0.4862133860588074	1.0	1	0.0	0	0.0	0	0.13480553030967712	-0.830482542514801	-0.5404869914054871	-0.2198839783668518	-0.5569384694099426	0.8009185791015625	-0.9661669135093689	0.010876171290874481	-0.2576881945133209
-0.13655123114585876	-5.26753568649292	1.1410233974456787	0.9508415460586548	0.4909580647945404	1.0	1	0.0	0	0.0	0	0.13480553030967712	-0.830482542514801	-0.5404869914054871	-0.2198839634656906	-0.5569384694099426	0.8009186387062073	-0.9661669731140137	0.010876156389713287	-0.25768816471099854
-0.4285333752632141	-3.9456841945648193	1.8947535753250122	0.9473556280136108	0.43787458539009094	1.0	1	0.0	0	0.0	0	-0.13480935990810394	0.830477237701416	0.5404940843582153	0.35393500328063965	-0.469129741191864	0.8091028928756714	0.9255033731460571	0.30037441849708557	-0.23069189488887787
-0.45323801040649414	-3.945406436920166	1.88816499710083	0.9460968971252441	0.43599072098731995	1.0	1	0.0	0	0.0	0	-0.13480935990810394	0.830477237701416	0.5404940843582153	0.35393500328063965	-0.4691297113895416	0.8091028332710266	0.9255033135414124	0.30037441849708557	-0.23069187998771667
-0.5272048711776733	-3.9607865810394287	1.8933480978012085	0.944787859916687	0.4294096827507019	1.0	1	0.0	0	0.0	0	-0.13480935990810394	0.830477237701416	0.5404940843582153	0.35393503308296204	-0.4691297113895416	0.8091028332710266	0.9255033135414124	0.30037441849708557	-0.23069190979003906
-0.45323801040649414	-3.945406436920166	1.88816499710083	0.9863905310630798	0.8155876398086548	1.0	1	0.0	0	0.0	0	0.21986280381679535	0.5569419860839844	-0.8009218573570251	-0.13480821251869202	0.8304803371429443	0.5404897332191467	0.966171383857727	-0.010862737894058228	0.25767213106155396
-0.4285333752632141	-3.9456841945648193	1.8947535753250122	0.9863905310630798	0.8199898600578308	1.0	1	0.0	0	0.0	0	0.21986280381679535	0.5569419860839844	-0.8009218573570251	-0.13480821251869202	0.8304803371429443	0.5404897332191467	0.966171383857727	-0.010862737894058228	0.25767213106155396
-0.22031991183757782	-5.228374481201172	1.0599584579467773	0.915955126285553	0.8199898600578308	1.0	1	0.0	0	0.0	0	0.21986280381679535	0.5569419860839844	-0.8009218573570251	-0.13480821251869202	0.8304803371429443	0.5404897332191467	0.966171383857727	-0.010862737894058228	0.25767213106155396
-0.38472720980644226	-3.9544410705566406	1.9191347360610962	0.9508415460586548	0.440735399723053	1.0	1	0.0	0	0.0	0	-0.13478828966617584	0.8305001854896545	0.5404642820358276	0.3539493978023529	-0.46910110116004944	0.8091132044792175	0.9255009293556213	0.3003559708595276	-0.2307257056236267
-0.4054001271724701	-3.948734998703003	1.9052108526229858	0.9489576816558838	0.4394766390323639	1.0	1	0.0	0	0.0	0	-0.13478828966617584	0.8305001854896545	0.5404642820358276	0.3539493978023529	-0.46910104155540466	0.8091131448745728	0.9255008697509766	0.3003559410572052	-0.23072567582130432
-0.4285333752632141	-3.9456841945648193	1.8947535753250122	0.9473556280136108	0.43787458539009094	1.0	1	0.0	0	0.0	0	-0.13478828966617584	0.8305001854896545	0.5404642820358276	0.3539493978023529	-0.46910110116004944	0.8091132044792175	0.9255009293556213	0.3003559708595276	-0.2307257056236267
-0.3538155257701874	-3.9728498458862305	1.955130696296692	0.9551568627357483	0.4420444667339325	1.0	1	0.0	0	0.0	0	-0.13480079174041748	0.8304867744445801	0.5404818654060364	0.35396072268486023	-0.46911144256591797	0.8091021180152893	0.9254947900772095	0.3003769516944885	-0.2307230830192566
